3.150000000000000000e+02 3.476108224165051080e-02
3.200000000000000000e+02 4.388731068503852473e-02
3.250000000000000000e+02 6.036272488336138359e-02
3.300000000000000000e+02 7.400812544873815180e-02
3.350000000000000000e+02 7.028058313920099165e-02
3.400000000000000000e+02 6.880112809882564517e-02
3.450000000000000000e+02 8.131961435818166328e-02
3.500000000000000000e+02 9.493508346041784618e-02
3.550000000000000000e+02 9.197432234528027384e-02
3.600000000000000000e+02 9.107843328167763985e-02
3.650000000000000000e+02 1.096952187501646081e-01
3.700000000000000000e+02 1.125827188490904074e-01
3.750000000000000000e+02 1.120700321876691580e-01
3.800000000000000000e+02 1.093397381314145378e-01
3.850000000000000000e+02 1.014394564973434276e-01
3.900000000000000000e+02 1.101753745530611173e-01
3.950000000000000000e+02 1.287810643329059812e-01
4.000000000000000000e+02 1.667845325481515373e-01
4.050000000000000000e+02 1.922320895589445799e-01
4.100000000000000000e+02 1.962043976491141262e-01
4.150000000000000000e+02 1.985740632016708140e-01
4.200000000000000000e+02 1.940562184016792480e-01
4.250000000000000000e+02 1.820845002144093061e-01
4.300000000000000000e+02 1.699946985899044583e-01
4.350000000000000000e+02 1.799357309217168299e-01
4.400000000000000000e+02 2.005883065181446878e-01
4.450000000000000000e+02 2.109815122423384093e-01
4.500000000000000000e+02 2.220298018506427218e-01
4.550000000000000000e+02 2.325225570628390026e-01
4.600000000000000000e+02 2.378138199989172086e-01
4.650000000000000000e+02 2.435480132925178509e-01
4.700000000000000000e+02 2.487748830284206014e-01
4.750000000000000000e+02 2.551751301006781047e-01
4.800000000000000000e+02 2.605165739031944927e-01
4.850000000000000000e+02 2.521041601809528299e-01
4.900000000000000000e+02 2.514649329595158300e-01
4.950000000000000000e+02 2.614656580718578427e-01
5.000000000000000000e+02 2.563383167503082150e-01
5.050000000000000000e+02 2.554406541875179348e-01
5.100000000000000000e+02 2.565599787841937318e-01
5.150000000000000000e+02 2.399117964126758762e-01
5.200000000000000000e+02 2.368689065056920895e-01
5.250000000000000000e+02 2.413426676885131461e-01
5.300000000000000000e+02 2.383634531155696679e-01
5.350000000000000000e+02 2.411626087867160262e-01
5.400000000000000000e+02 2.374232214462028145e-01
5.450000000000000000e+02 2.326673465432143040e-01
5.500000000000000000e+02 2.328464714395411250e-01
5.550000000000000000e+02 2.299028072637610831e-01
5.600000000000000000e+02 2.289072372046729864e-01
5.650000000000000000e+02 2.281196576132329401e-01
5.700000000000000000e+02 2.263692588114507576e-01
5.750000000000000000e+02 2.261493813958861954e-01
5.800000000000000000e+02 2.279972872623974856e-01
5.850000000000000000e+02 2.239147138639456802e-01
5.900000000000000000e+02 2.172411976601897887e-01
5.950000000000000000e+02 2.189202651170415737e-01
6.000000000000000000e+02 2.216003693320505175e-01
6.050000000000000000e+02 2.239332490497214501e-01
6.100000000000000000e+02 2.218244224554633826e-01
6.150000000000000000e+02 2.188546407896645452e-01
6.200000000000000000e+02 2.199000705175549741e-01
6.250000000000000000e+02 2.197909713930438769e-01
6.300000000000000000e+02 2.189514191171008650e-01
6.350000000000000000e+02 2.215200593622927427e-01
6.400000000000000000e+02 2.235257885086994190e-01
6.450000000000000000e+02 2.186654267887195024e-01
6.500000000000000000e+02 2.168427977570066001e-01
6.550000000000000000e+02 2.129372857921718043e-01
6.600000000000000000e+02 2.148551198821465891e-01
6.650000000000000000e+02 2.231619116034498362e-01
6.700000000000000000e+02 2.219570054755844457e-01
6.750000000000000000e+02 2.202289368263694036e-01
6.800000000000000000e+02 2.185098688935408762e-01
6.850000000000000000e+02 2.023226691186273685e-01
6.900000000000000000e+02 1.908181836475287274e-01
6.950000000000000000e+02 1.981166101163191195e-01
7.000000000000000000e+02 1.994256441231359034e-01
7.050000000000000000e+02 2.000055871783710248e-01
7.100000000000000000e+02 2.031998316219676970e-01
7.150000000000000000e+02 1.823395326433295272e-01
7.200000000000000000e+02 1.630052660694926714e-01
7.250000000000000000e+02 1.622754441706115713e-01
7.300000000000000000e+02 1.690953097131926708e-01
7.350000000000000000e+02 1.844116775787696116e-01
7.400000000000000000e+02 1.932037328997648629e-01
7.450000000000000000e+02 1.978721192904584203e-01
7.500000000000000000e+02 1.995445347026964245e-01
7.550000000000000000e+02 1.927346806052642747e-01
7.600000000000000000e+02 1.351868838289370378e-01
7.650000000000000000e+02 1.264644678973225467e-01
7.700000000000000000e+02 1.808205950907456061e-01
7.750000000000000000e+02 1.930831127283612336e-01
7.800000000000000000e+02 1.926241838156595443e-01
7.850000000000000000e+02 1.890198733894120631e-01
7.900000000000000000e+02 1.832861167320809226e-01
7.950000000000000000e+02 1.810745575670505703e-01
8.000000000000000000e+02 1.787382719047607982e-01
8.050000000000000000e+02 1.774188162342164310e-01
8.100000000000000000e+02 1.693030560529524275e-01
8.150000000000000000e+02 1.453448624795541932e-01
8.200000000000000000e+02 1.356456048089390576e-01
8.250000000000000000e+02 1.452370365332372182e-01
8.300000000000000000e+02 1.509474657513462659e-01
8.350000000000000000e+02 1.580418019495190007e-01
8.400000000000000000e+02 1.664236923785718525e-01
8.450000000000000000e+02 1.690756724317769855e-01
8.500000000000000000e+02 1.616944724283765067e-01
8.550000000000000000e+02 1.604654680165716329e-01
8.600000000000000000e+02 1.674713858399427546e-01
8.650000000000000000e+02 1.611151491318064122e-01
8.700000000000000000e+02 1.593860902494398935e-01
8.750000000000000000e+02 1.632028002787899168e-01
8.800000000000000000e+02 1.606967859668586851e-01
8.850000000000000000e+02 1.584666431616988114e-01
8.900000000000000000e+02 1.541715959769175970e-01
8.950000000000000000e+02 1.322304178624211235e-01
