3.102500000000000000e+02 4.716819395931154402e-01
3.107500000000000000e+02 9.374450807281581310e-01
3.112500000000000000e+02 1.031849321124942431e+00
3.117500000000000000e+02 7.772807708144221506e-01
3.122500000000000000e+02 6.463319530934215074e-01
3.127500000000000000e+02 8.172268092295937869e-01
3.132500000000000000e+02 7.754922104327806043e-01
3.137500000000000000e+02 8.448694888885522891e-01
3.142500000000000000e+02 7.208852222738508786e-01
3.147500000000000000e+02 6.371766889632428654e-01
3.152500000000000000e+02 9.556311784947497667e-01
3.157500000000000000e+02 6.048976530985840094e-01
3.162500000000000000e+02 5.894103183861478801e-01
3.167500000000000000e+02 6.350091864761393534e-01
3.172500000000000000e+02 9.770959265748236922e-01
3.177500000000000000e+02 9.978720883719702783e-01
3.182500000000000000e+02 4.924003599950095844e-01
3.187500000000000000e+02 7.393169695792296547e-01
3.192500000000000000e+02 7.097304130836279423e-01
3.197500000000000000e+02 8.499638219343245149e-01
3.202500000000000000e+02 7.455840915730562735e-01
3.207500000000000000e+02 1.043066483759417018e+00
3.212500000000000000e+02 5.483680494956242324e-01
3.217500000000000000e+02 8.109432415607940037e-01
3.222500000000000000e+02 7.358341843284691430e-01
3.227500000000000000e+02 5.831599517587878756e-01
3.232500000000000000e+02 6.591901994081926786e-01
3.237500000000000000e+02 6.304918057637789452e-01
3.242500000000000000e+02 8.045083258155348860e-01
3.247500000000000000e+02 8.994404848805984676e-01
3.252500000000000000e+02 8.422206198759700779e-01
3.257500000000000000e+02 1.057808395050708672e+00
3.262500000000000000e+02 1.114278801712249134e+00
3.267500000000000000e+02 1.120827713942105230e+00
3.272500000000000000e+02 1.034588095531926433e+00
3.277500000000000000e+02 9.998600705991761428e-01
3.282500000000000000e+02 9.391673588561173514e-01
3.287500000000000000e+02 8.732199101872727409e-01
3.292500000000000000e+02 1.190208346334497458e+00
3.297500000000000000e+02 1.064821548331897016e+00
3.302500000000000000e+02 1.082866100463621084e+00
3.307500000000000000e+02 8.948070538915215977e-01
3.312500000000000000e+02 9.443623380750170160e-01
3.317500000000000000e+02 9.642652815443443215e-01
3.322500000000000000e+02 9.523935497095201708e-01
3.327500000000000000e+02 1.125675050938070410e+00
3.332500000000000000e+02 1.033100686334182727e+00
3.337500000000000000e+02 8.760155905542140742e-01
3.342500000000000000e+02 9.900212280770679385e-01
3.347500000000000000e+02 1.008192283924388200e+00
3.352500000000000000e+02 9.309000119663932704e-01
3.357500000000000000e+02 9.444221174712712497e-01
3.362500000000000000e+02 5.066374774317519147e-01
3.367500000000000000e+02 8.751761382360746522e-01
3.372500000000000000e+02 5.438116173059308611e-01
3.377500000000000000e+02 9.894017970762410963e-01
3.382500000000000000e+02 7.279167768557897045e-01
3.387500000000000000e+02 8.995233003514648829e-01
3.392500000000000000e+02 8.159379258365075938e-01
3.397500000000000000e+02 9.598425588558000543e-01
3.402500000000000000e+02 1.002200100433413787e+00
3.407500000000000000e+02 8.523527382060878121e-01
3.412500000000000000e+02 7.922759440657632934e-01
3.417500000000000000e+02 8.227882900422156531e-01
3.422500000000000000e+02 8.984072473260018565e-01
3.427500000000000000e+02 7.762100850540487595e-01
3.432500000000000000e+02 9.620979533975309028e-01
3.437500000000000000e+02 9.932060267699442946e-01
3.442500000000000000e+02 5.956718416503647973e-01
3.447500000000000000e+02 1.025474827354133867e+00
3.452500000000000000e+02 1.002477461424133409e+00
3.457500000000000000e+02 1.189231333323624629e+00
3.462500000000000000e+02 1.059847399559329828e+00
3.467500000000000000e+02 1.009011228366486934e+00
3.472500000000000000e+02 1.134694299506096460e+00
3.477500000000000000e+02 8.080513482921456436e-01
3.482500000000000000e+02 1.215529026529058809e+00
3.487500000000000000e+02 1.306970564956295933e+00
3.492500000000000000e+02 9.137866862934890255e-01
3.497500000000000000e+02 9.682969560121243990e-01
3.502500000000000000e+02 1.308600452873294184e+00
3.507500000000000000e+02 1.179275757744273179e+00
3.512500000000000000e+02 9.874326061385934050e-01
3.517500000000000000e+02 1.142686559519557887e+00
3.522500000000000000e+02 1.087899659031352773e+00
3.527500000000000000e+02 8.788842993973918771e-01
3.532500000000000000e+02 1.157777058324043651e+00
3.537500000000000000e+02 1.095475838845602290e+00
3.542500000000000000e+02 1.260999676653000501e+00
3.547500000000000000e+02 1.188882828778333955e+00
3.552500000000000000e+02 1.206236907440428219e+00
3.557500000000000000e+02 1.097361907638896739e+00
3.562500000000000000e+02 1.174817648124965253e+00
3.567500000000000000e+02 7.705704662652087533e-01
3.572500000000000000e+02 6.864843425907266594e-01
3.577500000000000000e+02 9.336183026856931244e-01
3.582500000000000000e+02 6.552741559800409066e-01
3.587500000000000000e+02 5.465906001955442850e-01
3.592500000000000000e+02 1.058347565156060988e+00
3.597500000000000000e+02 1.232767702729598458e+00
3.602500000000000000e+02 1.153283713615359751e+00
3.607500000000000000e+02 9.839494353056729148e-01
3.612500000000000000e+02 9.085778244482433097e-01
3.617500000000000000e+02 1.130158705379702866e+00
3.622500000000000000e+02 9.452327299019274154e-01
3.627500000000000000e+02 1.388632302549044351e+00
3.632500000000000000e+02 8.219859931317867741e-01
3.637500000000000000e+02 1.052098577747655916e+00
3.642500000000000000e+02 1.157792465091072476e+00
3.647500000000000000e+02 9.167957089022896744e-01
3.652500000000000000e+02 1.156690289006599315e+00
3.657500000000000000e+02 1.495045575348886047e+00
3.662500000000000000e+02 1.356230313454724667e+00
3.667500000000000000e+02 1.294175457184310263e+00
3.672500000000000000e+02 1.261929382920225162e+00
3.677500000000000000e+02 1.240916955183414494e+00
3.682500000000000000e+02 1.174469440856057645e+00
3.687500000000000000e+02 1.057510815949065153e+00
3.692500000000000000e+02 1.271357875190264997e+00
3.697500000000000000e+02 1.349742607763231739e+00
3.702500000000000000e+02 1.332919522794937306e+00
3.707500000000000000e+02 9.160204278059125294e-01
3.712500000000000000e+02 1.231078195555900701e+00
3.717500000000000000e+02 1.548654789558901568e+00
3.722500000000000000e+02 7.151847705005693889e-01
3.727500000000000000e+02 1.152964527393369298e+00
3.732500000000000000e+02 1.107037566432241160e+00
3.737500000000000000e+02 5.961363102148221627e-01
3.742500000000000000e+02 1.157881920635905448e+00
3.747500000000000000e+02 6.910201459862679307e-01
3.752500000000000000e+02 9.172617007518701904e-01
3.757500000000000000e+02 1.254782955813417367e+00
3.762500000000000000e+02 1.049163497378376331e+00
3.767500000000000000e+02 1.092925096857223277e+00
3.772500000000000000e+02 1.269366652764969849e+00
3.777500000000000000e+02 1.417974573988869391e+00
3.782500000000000000e+02 1.642452049865100072e+00
3.787500000000000000e+02 1.301499948531400719e+00
3.792500000000000000e+02 1.056751254300174248e+00
3.797500000000000000e+02 9.322357956494000675e-01
3.802500000000000000e+02 1.278848837638154157e+00
3.807500000000000000e+02 1.249206434457955872e+00
3.812500000000000000e+02 1.230473937020899466e+00
3.817500000000000000e+02 1.045573180911769429e+00
3.822500000000000000e+02 8.054831932243968762e-01
3.827500000000000000e+02 6.124751563266788157e-01
3.832500000000000000e+02 6.761240436230822048e-01
3.837500000000000000e+02 6.303603971349919233e-01
3.842500000000000000e+02 7.869199337736563216e-01
3.847500000000000000e+02 1.134472407795347859e+00
3.852500000000000000e+02 9.939764873644111320e-01
3.857500000000000000e+02 8.515580298675693438e-01
3.862500000000000000e+02 7.990340599266376742e-01
3.867500000000000000e+02 1.141762503129880812e+00
3.872500000000000000e+02 7.482634243725669876e-01
3.877500000000000000e+02 9.597895498197652753e-01
3.882500000000000000e+02 9.092364905823292487e-01
3.887500000000000000e+02 8.875962982947623869e-01
3.892500000000000000e+02 1.237147861496028511e+00
3.897500000000000000e+02 1.366624975153085453e+00
3.902500000000000000e+02 1.203622578196214876e+00
3.907500000000000000e+02 1.284481041605128215e+00
3.912500000000000000e+02 1.585534974034641387e+00
3.917500000000000000e+02 1.447510015973111130e+00
3.922500000000000000e+02 1.094467831777787392e+00
3.927500000000000000e+02 1.002337393388944342e+00
3.932500000000000000e+02 3.571002690454852524e-01
3.937500000000000000e+02 4.411672295205658623e-01
3.942500000000000000e+02 1.059952090996624907e+00
3.947500000000000000e+02 1.182856392274811208e+00
3.952500000000000000e+02 1.329883139035537010e+00
3.957500000000000000e+02 1.479847686350906244e+00
3.962500000000000000e+02 1.098599302804055933e+00
3.967500000000000000e+02 4.735559611352306852e-01
3.972500000000000000e+02 5.728519320137375193e-01
3.977500000000000000e+02 1.306637505570120039e+00
3.982500000000000000e+02 1.614428426646175474e+00
3.987500000000000000e+02 1.682084009253856927e+00
3.992500000000000000e+02 1.811655484339895761e+00
3.997500000000000000e+02 1.526556529209367685e+00
4.002500000000000000e+02 1.896881147944526447e+00
4.007500000000000000e+02 1.657220079639277088e+00
4.012500000000000000e+02 1.733243756704412997e+00
4.017500000000000000e+02 1.747278676203384284e+00
4.022500000000000000e+02 1.834184572829760995e+00
4.027500000000000000e+02 1.731110411156449480e+00
4.032500000000000000e+02 1.611271398880056216e+00
4.037500000000000000e+02 1.822821789107750279e+00
4.042500000000000000e+02 1.756739780256338479e+00
4.047500000000000000e+02 1.352830688917525226e+00
4.052500000000000000e+02 1.920037493792046579e+00
4.057500000000000000e+02 1.571546557566501967e+00
4.062500000000000000e+02 1.664029884366160061e+00
4.067500000000000000e+02 1.596228909968507637e+00
4.072500000000000000e+02 1.545906890945001111e+00
4.077500000000000000e+02 1.590780526187886235e+00
4.082500000000000000e+02 1.801257198575052065e+00
4.087500000000000000e+02 1.810757839361179622e+00
4.092500000000000000e+02 1.931800203192921561e+00
4.097500000000000000e+02 1.754718945133182384e+00
4.102500000000000000e+02 1.363868625838537962e+00
4.107500000000000000e+02 1.798916760790015168e+00
4.112500000000000000e+02 1.851107006201607952e+00
4.117500000000000000e+02 1.940357414360878829e+00
4.122500000000000000e+02 1.829369903085253046e+00
4.127500000000000000e+02 1.843076047041961596e+00
4.132500000000000000e+02 1.705890206564092182e+00
4.137500000000000000e+02 1.758615654306700415e+00
4.142500000000000000e+02 1.715434451323464726e+00
4.147500000000000000e+02 1.833263106930841602e+00
4.152500000000000000e+02 1.859655122206486100e+00
4.157500000000000000e+02 1.697797622585960120e+00
4.162500000000000000e+02 1.960018790004859346e+00
4.167500000000000000e+02 1.843322301500848859e+00
4.172500000000000000e+02 1.692144805576396793e+00
4.177500000000000000e+02 1.668557611762132797e+00
4.182500000000000000e+02 1.779619051717011624e+00
4.187500000000000000e+02 1.725388594886434035e+00
4.192500000000000000e+02 1.796415976760820987e+00
4.197500000000000000e+02 1.452057659718229754e+00
4.202500000000000000e+02 1.519115622421840506e+00
4.207500000000000000e+02 1.860157957225490488e+00
4.212500000000000000e+02 1.851738682405745795e+00
4.217500000000000000e+02 1.647582071575732776e+00
4.222500000000000000e+02 1.899151802985446169e+00
4.227500000000000000e+02 1.295935392426199595e+00
4.232500000000000000e+02 1.690140593809627445e+00
4.237500000000000000e+02 1.642665404170090770e+00
4.242500000000000000e+02 1.631057570366363896e+00
4.247500000000000000e+02 1.732237307170489071e+00
4.252500000000000000e+02 1.650465724916393206e+00
4.257500000000000000e+02 1.668505024103226653e+00
4.262500000000000000e+02 1.572846428506138761e+00
4.267500000000000000e+02 1.712666586298823512e+00
4.272500000000000000e+02 1.397268576250944916e+00
4.277500000000000000e+02 1.592769919061353345e+00
4.282500000000000000e+02 1.546529167390384707e+00
4.287500000000000000e+02 1.517512723538100960e+00
4.292500000000000000e+02 1.331858291893563084e+00
4.297500000000000000e+02 1.360354717591215401e+00
4.302500000000000000e+02 9.055314529463827089e-01
4.307500000000000000e+02 9.747922274649306607e-01
4.312500000000000000e+02 1.058913330700428812e+00
4.317500000000000000e+02 1.823100044491566374e+00
4.322500000000000000e+02 1.826706190991299383e+00
4.327500000000000000e+02 1.335427683923767983e+00
4.332500000000000000e+02 1.904105905085881068e+00
4.337500000000000000e+02 1.752532201706728410e+00
4.342500000000000000e+02 1.319844109953451250e+00
4.347500000000000000e+02 1.791334773480389053e+00
4.352500000000000000e+02 1.541607251764791187e+00
4.357500000000000000e+02 1.832587027999439178e+00
4.362500000000000000e+02 1.854112102575623311e+00
4.367500000000000000e+02 1.909266977759477513e+00
4.372500000000000000e+02 1.804133819661200899e+00
4.377500000000000000e+02 1.699327455970443657e+00
4.382500000000000000e+02 1.617829854157007308e+00
4.387500000000000000e+02 1.514490415217456309e+00
4.392500000000000000e+02 1.689577214837602481e+00
4.397500000000000000e+02 1.772300173296657233e+00
4.402500000000000000e+02 1.809301072551767753e+00
4.407500000000000000e+02 1.571162280527823363e+00
4.412500000000000000e+02 1.991148938504798682e+00
4.417500000000000000e+02 1.729775069134499965e+00
4.422500000000000000e+02 2.012164794173762594e+00
4.427500000000000000e+02 1.904873116501856423e+00
4.432500000000000000e+02 1.853225774854167618e+00
4.437500000000000000e+02 1.854326161069939749e+00
4.442500000000000000e+02 1.873786263377761330e+00
4.447500000000000000e+02 1.991646895093090786e+00
4.452500000000000000e+02 1.918394738538844235e+00
4.457500000000000000e+02 1.707448817277096520e+00
4.462500000000000000e+02 1.767235991111313798e+00
4.467500000000000000e+02 1.977267637551997304e+00
4.472500000000000000e+02 1.976374619008452571e+00
4.477500000000000000e+02 2.114313823129715608e+00
4.482500000000000000e+02 1.895623619463984166e+00
4.487500000000000000e+02 2.077982150316245669e+00
4.492500000000000000e+02 1.949701573953076528e+00
4.497500000000000000e+02 1.947755530450902661e+00
4.502500000000000000e+02 2.157200705411315145e+00
4.507500000000000000e+02 2.238088803143283290e+00
4.512500000000000000e+02 2.188217467907726643e+00
4.517500000000000000e+02 2.024063240388155105e+00
4.522500000000000000e+02 2.082092790379852953e+00
4.527500000000000000e+02 1.883560812072388124e+00
4.532500000000000000e+02 1.919498570718160879e+00
4.537500000000000000e+02 1.956091529672321361e+00
4.542500000000000000e+02 2.090524197470225332e+00
4.547500000000000000e+02 1.981299808437057441e+00
4.552500000000000000e+02 2.085358315075407809e+00
4.557500000000000000e+02 1.948946176867125235e+00
4.562500000000000000e+02 2.208707363688902525e+00
4.567500000000000000e+02 2.077932166347707721e+00
4.572500000000000000e+02 2.095126787479991926e+00
4.577500000000000000e+02 2.146941723451495143e+00
4.582500000000000000e+02 1.945757755105949061e+00
4.587500000000000000e+02 1.991093025351488244e+00
4.592500000000000000e+02 2.093454052446738878e+00
4.597500000000000000e+02 2.032813780346139687e+00
4.602500000000000000e+02 2.009404599903721778e+00
4.607500000000000000e+02 2.092275355862760478e+00
4.612500000000000000e+02 2.089179704471749943e+00
4.617500000000000000e+02 2.049090127901025404e+00
4.622500000000000000e+02 2.057778961005911622e+00
4.627500000000000000e+02 2.087532260667571471e+00
4.632500000000000000e+02 2.013443084233502933e+00
4.637500000000000000e+02 1.958554717808344225e+00
4.642500000000000000e+02 2.147031473548757230e+00
4.647500000000000000e+02 2.035875915179646611e+00
4.652500000000000000e+02 2.000556516091775983e+00
4.657500000000000000e+02 2.013576823364893187e+00
4.662500000000000000e+02 2.142614786787846448e+00
4.667500000000000000e+02 1.939857930126481556e+00
4.672500000000000000e+02 2.061082734097544833e+00
4.677500000000000000e+02 2.233396315831625234e+00
4.682500000000000000e+02 1.995016151526947557e+00
4.687500000000000000e+02 2.070356429763151596e+00
4.692500000000000000e+02 2.114033731311477204e+00
4.697500000000000000e+02 2.126757844407277886e+00
4.702500000000000000e+02 1.994401995457852683e+00
4.707500000000000000e+02 2.009843048939905952e+00
4.712500000000000000e+02 2.099359167759174305e+00
4.717500000000000000e+02 2.038707011510116462e+00
4.722500000000000000e+02 2.116163356492178238e+00
4.727500000000000000e+02 2.088976910798028719e+00
4.732500000000000000e+02 2.016816460484650353e+00
4.737500000000000000e+02 2.085213028372914223e+00
4.742500000000000000e+02 2.051925579168623948e+00
4.747500000000000000e+02 2.109577891457870891e+00
4.752500000000000000e+02 2.193757740529986400e+00
4.757500000000000000e+02 2.075867702496579259e+00
4.762500000000000000e+02 2.096852801633361185e+00
4.767500000000000000e+02 1.980147474228773907e+00
4.772500000000000000e+02 2.153863949850024717e+00
4.777500000000000000e+02 2.205396049279848114e+00
4.782500000000000000e+02 2.123960853239918123e+00
4.787500000000000000e+02 2.121318329621162846e+00
4.792500000000000000e+02 1.998470895654831381e+00
4.797500000000000000e+02 2.146826211913271276e+00
4.802500000000000000e+02 2.038924831772038537e+00
4.807500000000000000e+02 2.084145162922966144e+00
4.812500000000000000e+02 2.063010131825141702e+00
4.817500000000000000e+02 2.101775991618707540e+00
4.822500000000000000e+02 2.120356728029670457e+00
4.827500000000000000e+02 2.173668452908935400e+00
4.832500000000000000e+02 2.042378012997001946e+00
4.837500000000000000e+02 2.092090403479425653e+00
4.842500000000000000e+02 1.953142914322337331e+00
4.847500000000000000e+02 2.039905605207176009e+00
4.852500000000000000e+02 2.027553977375461614e+00
4.857500000000000000e+02 1.886994681367053728e+00
4.862500000000000000e+02 1.404028441383912362e+00
4.867500000000000000e+02 1.852854943957749745e+00
4.872500000000000000e+02 1.839475684806721523e+00
4.877500000000000000e+02 1.925549248756234899e+00
4.882500000000000000e+02 2.075979733160572938e+00
4.887500000000000000e+02 1.936640817155016236e+00
4.892500000000000000e+02 1.776722203091283481e+00
4.897500000000000000e+02 2.172520467383487031e+00
4.902500000000000000e+02 2.046817396021741065e+00
4.907500000000000000e+02 2.071584084369175294e+00
4.912500000000000000e+02 1.871825749630674718e+00
4.917500000000000000e+02 1.986331132513168951e+00
4.922500000000000000e+02 1.796589997391518256e+00
4.927500000000000000e+02 1.984763917628315166e+00
4.932500000000000000e+02 2.085162501376453648e+00
4.937500000000000000e+02 1.936760115234771762e+00
4.942500000000000000e+02 1.990008260923565864e+00
4.947500000000000000e+02 2.106059689198119145e+00
4.952500000000000000e+02 2.085953429906780787e+00
4.957500000000000000e+02 1.916161211883261828e+00
4.962500000000000000e+02 2.163808947595299514e+00
4.967500000000000000e+02 1.948387888816432323e+00
4.972500000000000000e+02 2.006143816580269856e+00
4.977500000000000000e+02 2.055370301286005397e+00
4.982500000000000000e+02 1.802203813955723932e+00
4.987500000000000000e+02 1.880613945913770957e+00
4.992500000000000000e+02 1.965907103562756442e+00
4.997500000000000000e+02 2.019518321667647776e+00
5.002500000000000000e+02 1.807240130244555543e+00
5.007500000000000000e+02 1.802929101647349430e+00
5.012500000000000000e+02 1.935206036651441641e+00
5.017500000000000568e+02 1.819202073104761563e+00
5.022500000000000000e+02 1.892545181383768149e+00
5.027500000000000568e+02 1.918462940357158253e+00
5.032500000000000000e+02 2.011636379782377304e+00
5.037500000000000568e+02 1.939429992306918704e+00
5.042500000000000000e+02 1.714701206437732495e+00
5.047500000000000568e+02 2.045380969528278747e+00
5.052500000000000000e+02 1.893933040468076090e+00
5.057500000000000568e+02 2.095134094880987341e+00
5.062500000000000000e+02 2.116543632863701063e+00
5.067500000000000568e+02 1.967281446639834952e+00
5.072500000000000000e+02 1.946001490660935529e+00
5.077500000000000568e+02 2.017672102129736800e+00
5.082500000000000000e+02 1.730021978647183101e+00
5.087500000000000568e+02 1.966618993827127682e+00
5.092500000000000000e+02 2.068908975439924358e+00
5.097500000000000568e+02 2.015084775445709298e+00
5.102500000000000000e+02 1.890230974820905185e+00
5.107500000000000568e+02 1.931059410964213408e+00
5.112500000000000000e+02 1.970745639415493411e+00
5.117500000000000568e+02 2.079697981428422882e+00
5.122500000000000000e+02 2.010160549825142695e+00
5.127500000000000000e+02 1.797730037807243608e+00
5.132500000000000000e+02 1.941280327649027138e+00
5.137500000000000000e+02 1.947759967701716333e+00
5.142500000000000000e+02 1.708277389226266152e+00
5.147500000000000000e+02 1.837995819581095258e+00
5.152500000000000000e+02 1.889927666806881623e+00
5.157500000000000000e+02 1.989070355802287970e+00
5.162500000000000000e+02 1.923137494095332523e+00
5.167500000000000000e+02 1.551525974447484746e+00
5.172500000000000000e+02 1.327860371563899911e+00
5.177500000000000000e+02 1.906270939902010353e+00
5.182500000000000000e+02 1.658038375661587072e+00
5.187500000000000000e+02 1.611104309505162036e+00
5.192500000000000000e+02 1.761139524698879022e+00
5.197500000000000000e+02 1.787810404892501204e+00
5.202500000000000000e+02 1.923295572556992239e+00
5.207500000000000000e+02 1.746651611305799268e+00
5.212500000000000000e+02 1.964844662175932788e+00
5.217500000000000000e+02 1.825915202958418915e+00
5.222500000000000000e+02 2.030198677972120613e+00
5.227500000000000000e+02 1.703393545227863015e+00
5.232500000000000000e+02 1.887238050917274812e+00
5.237500000000000000e+02 1.896875445501298163e+00
5.242500000000000000e+02 1.997027478334727935e+00
5.247500000000000000e+02 1.944565036999959862e+00
5.252500000000000000e+02 1.916689147700324281e+00
5.257500000000000000e+02 1.941283906415638860e+00
5.262500000000000000e+02 1.736484197847147026e+00
5.267500000000000000e+02 1.627617369180609952e+00
5.272500000000000000e+02 1.584047769864659339e+00
5.277500000000000000e+02 1.933461857798680628e+00
5.282500000000000000e+02 1.922963754801854774e+00
5.287500000000000000e+02 1.950895985512602016e+00
5.292500000000000000e+02 2.014491121044173383e+00
5.297500000000000000e+02 1.812888580503353220e+00
5.302500000000000000e+02 1.932736492360971337e+00
5.307500000000000000e+02 2.034206409593740439e+00
5.312500000000000000e+02 2.041836561013606666e+00
5.317500000000000000e+02 1.920290253702288341e+00
5.322500000000000000e+02 1.967308940406088169e+00
5.327500000000000000e+02 1.649986156323271391e+00
5.332500000000000000e+02 1.761674823046867733e+00
5.337500000000000000e+02 1.836579341953304301e+00
5.342500000000000000e+02 1.869995229517975588e+00
5.347500000000000000e+02 1.845189746529826813e+00
5.352500000000000000e+02 1.931873679523481435e+00
5.357500000000000000e+02 2.071815671837971440e+00
5.362500000000000000e+02 1.932049150983094821e+00
5.367500000000000000e+02 1.904703394597264010e+00
5.372500000000000000e+02 1.806306562884197886e+00
5.377500000000000000e+02 2.001090961398869883e+00
5.382500000000000000e+02 1.879879663150751279e+00
5.387500000000000000e+02 1.972280560674104732e+00
5.392500000000000000e+02 1.893057639296686023e+00
5.397500000000000000e+02 1.830820122036288966e+00
5.402500000000000000e+02 1.948901519729373311e+00
5.407500000000000000e+02 1.649710236651227513e+00
5.412500000000000000e+02 1.813916568882980140e+00
5.417500000000000000e+02 1.898931369151058535e+00
5.422500000000000000e+02 1.961602443744128177e+00
5.427500000000000000e+02 1.918293657474404501e+00
5.432500000000000000e+02 1.772324652535063549e+00
5.437500000000000000e+02 1.858956603159972021e+00
5.442500000000000000e+02 2.031222727936222938e+00
5.447500000000000000e+02 1.816048376148481580e+00
5.452500000000000000e+02 2.014683521193581850e+00
5.457500000000000000e+02 1.830434291121319612e+00
5.462500000000000000e+02 1.913265295062482885e+00
5.467500000000000000e+02 1.933251351248022276e+00
5.472500000000000000e+02 1.967874779948620700e+00
5.477500000000000000e+02 1.745749670798575126e+00
5.482500000000000000e+02 1.872592744919621577e+00
5.487500000000000000e+02 1.912440088504567814e+00
5.492500000000000000e+02 1.893606066111956920e+00
5.497500000000000000e+02 1.820012365729867909e+00
5.502500000000000000e+02 1.902240590139097076e+00
5.507500000000000000e+02 1.868330549480007985e+00
5.512500000000000000e+02 1.830649093328640342e+00
5.517500000000000000e+02 1.918030582778811333e+00
5.522500000000000000e+02 1.941063569370748310e+00
5.527500000000000000e+02 1.816787663451997048e+00
5.532500000000000000e+02 1.891624099935303338e+00
5.537500000000000000e+02 1.893219996716182685e+00
5.542500000000000000e+02 1.936813974741832478e+00
5.547500000000000000e+02 1.920310415117112868e+00
5.552500000000000000e+02 1.921230833098470869e+00
5.557500000000000000e+02 1.839659156644598115e+00
5.562500000000000000e+02 1.896873043502516065e+00
5.567500000000000000e+02 1.825484480864566050e+00
5.572500000000000000e+02 1.801130119537170948e+00
5.577500000000000000e+02 1.878527774635669223e+00
5.582500000000000000e+02 1.887136648573851661e+00
5.587500000000000000e+02 1.763496582575681648e+00
5.592500000000000000e+02 1.797298398079979265e+00
5.597500000000000000e+02 1.818617966431252508e+00
5.602500000000000000e+02 1.758854070063038844e+00
5.607500000000000000e+02 1.968482768866974819e+00
5.612500000000000000e+02 1.965054493186631612e+00
5.617500000000000000e+02 1.773056897979337965e+00
5.622500000000000000e+02 1.840429060309997755e+00
5.627500000000000000e+02 1.844650458285776562e+00
5.632500000000000000e+02 1.937417816594960485e+00
5.637500000000000000e+02 1.854664798520976987e+00
5.642500000000000000e+02 1.876228909757838181e+00
5.647500000000000000e+02 1.916093898833555409e+00
5.652500000000000000e+02 1.862220252458830272e+00
5.657500000000000000e+02 1.823690452926210126e+00
5.662500000000000000e+02 1.662138177641468983e+00
5.667500000000000000e+02 1.853697267817383976e+00
5.672500000000000000e+02 1.890721049712866808e+00
5.677500000000000000e+02 1.905168758222331338e+00
5.682500000000000000e+02 1.843398107118486617e+00
5.687500000000000000e+02 1.827390085464862146e+00
5.692500000000000000e+02 1.871943192503510156e+00
5.697500000000000000e+02 1.886878166861344353e+00
5.702500000000000000e+02 1.829560054429320903e+00
5.707500000000000000e+02 1.820985937288887468e+00
5.712500000000000000e+02 1.748447270599940762e+00
5.717500000000000000e+02 1.875994071260897567e+00
5.722500000000000000e+02 1.915657859003287999e+00
5.727500000000000000e+02 1.930236786057592191e+00
5.732500000000000000e+02 1.898553489513434389e+00
5.737500000000000000e+02 1.923891981031484510e+00
5.742500000000000000e+02 1.884376044261545147e+00
5.747500000000000000e+02 1.866341005007891685e+00
5.752500000000000000e+02 1.850927113913962030e+00
5.757500000000000000e+02 1.838097136246974239e+00
5.762500000000000000e+02 1.812041138979996413e+00
5.767500000000000000e+02 1.926642535520872279e+00
5.772500000000000000e+02 1.869381907878676419e+00
5.777500000000000000e+02 1.875090413523081478e+00
5.782500000000000000e+02 1.802378997240886571e+00
5.787500000000000000e+02 1.796554719964201130e+00
5.792500000000000000e+02 1.846246906099630714e+00
5.797500000000000000e+02 1.853798716138331804e+00
5.802500000000000000e+02 1.907657646185160205e+00
5.807500000000000000e+02 1.813355722237228296e+00
5.812500000000000000e+02 1.870962084790997793e+00
5.817500000000000000e+02 1.834768830034698928e+00
5.822500000000000000e+02 1.898299113543945094e+00
5.827500000000000000e+02 1.884744896540217374e+00
5.832500000000000000e+02 1.870412211519546730e+00
5.837500000000000000e+02 1.867848138489651033e+00
5.842500000000000000e+02 1.872052965771779709e+00
5.847500000000000000e+02 1.846768755006754414e+00
5.852500000000000000e+02 1.865993341374446723e+00
5.857500000000000000e+02 1.763826481562127846e+00
5.862500000000000000e+02 1.787362459916748580e+00
5.867500000000000000e+02 1.831407399501226774e+00
5.872500000000000000e+02 1.864977697603524387e+00
5.877500000000000000e+02 1.862711267203791321e+00
5.882500000000000000e+02 1.829355066772875293e+00
5.887500000000000000e+02 1.826391633491465605e+00
5.892500000000000000e+02 1.494390221859070333e+00
5.897500000000000000e+02 1.632256823661249800e+00
5.902500000000000000e+02 1.838394895056349565e+00
5.907500000000000000e+02 1.818706484036448856e+00
5.912500000000000000e+02 1.832163873266905219e+00
5.917500000000000000e+02 1.766405664314445234e+00
5.922500000000000000e+02 1.833549191174154158e+00
5.927500000000000000e+02 1.796908497059091392e+00
5.932500000000000000e+02 1.799568923600703307e+00
5.937500000000000000e+02 1.813003376987123438e+00
5.942500000000000000e+02 1.825570008742049222e+00
5.947500000000000000e+02 1.839682320487396217e+00
5.952500000000000000e+02 1.758131249089678771e+00
5.957500000000000000e+02 1.818154242906805607e+00
5.962500000000000000e+02 1.828912335145816304e+00
5.967500000000000000e+02 1.824481993397881974e+00
5.972500000000000000e+02 1.845129779811338189e+00
5.977500000000000000e+02 1.756781022731614961e+00
5.982500000000000000e+02 1.823227964852906169e+00
5.987500000000000000e+02 1.765478545743695227e+00
5.992500000000000000e+02 1.810774153603749381e+00
5.997500000000000000e+02 1.775486748842168838e+00
6.002500000000000000e+02 1.788614315458355364e+00
6.007500000000000000e+02 1.773066838075940899e+00
6.012500000000000000e+02 1.763087210593711873e+00
6.017500000000000000e+02 1.745225002449209306e+00
6.022500000000000000e+02 1.751154035862418912e+00
6.027500000000000000e+02 1.745064568235116242e+00
6.032500000000000000e+02 1.768651717820002744e+00
6.037500000000000000e+02 1.807737420720003207e+00
6.042500000000000000e+02 1.812594154206664809e+00
6.047500000000000000e+02 1.801014775184907268e+00
6.052500000000000000e+02 1.806966592908682889e+00
6.057500000000000000e+02 1.767369290067068111e+00
6.062500000000000000e+02 1.796696597001246509e+00
6.067500000000000000e+02 1.739789563496619174e+00
6.072500000000000000e+02 1.802290095160244965e+00
6.077500000000000000e+02 1.802923840082775175e+00
6.082500000000000000e+02 1.724364027094358764e+00
6.087500000000000000e+02 1.743963143209052546e+00
6.092500000000000000e+02 1.745450887226149606e+00
6.097500000000000000e+02 1.751742958549147522e+00
6.102500000000000000e+02 1.679894173737634722e+00
6.107500000000000000e+02 1.720585450971839681e+00
6.112500000000000000e+02 1.764634392924608441e+00
6.117500000000000000e+02 1.748612123857002487e+00
6.122500000000000000e+02 1.689335615270452617e+00
6.127500000000000000e+02 1.687136080464804344e+00
6.132500000000000000e+02 1.698563975412852756e+00
6.137500000000000000e+02 1.588901591434685345e+00
6.142500000000000000e+02 1.672977974546462576e+00
6.147500000000000000e+02 1.695865324173864153e+00
6.152500000000000000e+02 1.720287422500957453e+00
6.157500000000000000e+02 1.660296039283224001e+00
6.162500000000000000e+02 1.585982477215753583e+00
6.167500000000000000e+02 1.650050274095417713e+00
6.172500000000000000e+02 1.612838896842828884e+00
6.177500000000000000e+02 1.687681908422068222e+00
6.182500000000000000e+02 1.728712496006783894e+00
6.187500000000000000e+02 1.723003387538750708e+00
6.192500000000000000e+02 1.660565143021264900e+00
6.197500000000000000e+02 1.734319133652017841e+00
6.202500000000000000e+02 1.698515178928422298e+00
6.207500000000000000e+02 1.746877441967710443e+00
6.212500000000000000e+02 1.744353905023005469e+00
6.217500000000000000e+02 1.659543329379604470e+00
6.222500000000000000e+02 1.647174038077567682e+00
6.227500000000000000e+02 1.724769032506159094e+00
6.232500000000000000e+02 1.607366603407429206e+00
6.237500000000000000e+02 1.687183688320019970e+00
6.242500000000000000e+02 1.648545907140440914e+00
6.247500000000000000e+02 1.575325201269628606e+00
6.252500000000000000e+02 1.669927496592808369e+00
6.257500000000000000e+02 1.586560996358026943e+00
6.262500000000000000e+02 1.676645179090789695e+00
6.267500000000000000e+02 1.653867286097185918e+00
6.272500000000000000e+02 1.677967364330787525e+00
6.277500000000000000e+02 1.718570344659592353e+00
6.282500000000000000e+02 1.663006739365503694e+00
6.287500000000000000e+02 1.714666484312316275e+00
6.292500000000000000e+02 1.692827585981167005e+00
6.297500000000000000e+02 1.670968364160198005e+00
6.302500000000000000e+02 1.613209020701522833e+00
6.307500000000000000e+02 1.701456333163003709e+00
6.312500000000000000e+02 1.685754200662170854e+00
6.317500000000000000e+02 1.553159330749067202e+00
6.322500000000000000e+02 1.602473241976241303e+00
6.327500000000000000e+02 1.691962325419059221e+00
6.332500000000000000e+02 1.675109508814410786e+00
6.337500000000000000e+02 1.608634262429219808e+00
6.342500000000000000e+02 1.647960864260847647e+00
6.347500000000000000e+02 1.630832126549833117e+00
6.352500000000000000e+02 1.681160480203148788e+00
6.357500000000000000e+02 1.616193125177750600e+00
6.362500000000000000e+02 1.573045720565286132e+00
6.367500000000000000e+02 1.647250491780348103e+00
6.372500000000000000e+02 1.642578245738063769e+00
6.377500000000000000e+02 1.678843276637062676e+00
6.382500000000000000e+02 1.652764954612220061e+00
6.387500000000000000e+02 1.641726944204679572e+00
6.392500000000000000e+02 1.659232076190679139e+00
6.397500000000000000e+02 1.615732137375383681e+00
6.402500000000000000e+02 1.575704181112422830e+00
6.407500000000000000e+02 1.624148082689961026e+00
6.412500000000000000e+02 1.610546622349351864e+00
6.417500000000000000e+02 1.619748896495497803e+00
6.422500000000000000e+02 1.571832503968271677e+00
6.427500000000000000e+02 1.660602469249274682e+00
6.432500000000000000e+02 1.589253639202390156e+00
6.437500000000000000e+02 1.647989596827928782e+00
6.442500000000000000e+02 1.562830406969271113e+00
6.447500000000000000e+02 1.653201398363197239e+00
6.452500000000000000e+02 1.589863360027045536e+00
6.457500000000000000e+02 1.593399525752027701e+00
6.462500000000000000e+02 1.548918181124990578e+00
6.467500000000000000e+02 1.615160874933380342e+00
6.472500000000000000e+02 1.586179371706458507e+00
6.477500000000000000e+02 1.616665623997371126e+00
6.482500000000000000e+02 1.596988789175378898e+00
6.487500000000000000e+02 1.640290659415521990e+00
6.492500000000000000e+02 1.618574769924830292e+00
6.497500000000000000e+02 1.417007654831550223e+00
6.502500000000000000e+02 1.571341473339046058e+00
6.507500000000000000e+02 1.601865497021331741e+00
6.512500000000000000e+02 1.615960284304594374e+00
6.517500000000000000e+02 1.605552447161566088e+00
6.522500000000000000e+02 1.577656975796245753e+00
6.527500000000000000e+02 1.601408930503049666e+00
6.532500000000000000e+02 1.611569510575381781e+00
6.537500000000000000e+02 1.588710437724597302e+00
6.542500000000000000e+02 1.584877102406087479e+00
6.547500000000000000e+02 1.534071573561391011e+00
6.552500000000000000e+02 1.566316132108453552e+00
6.557500000000000000e+02 1.485066336059552405e+00
6.562500000000000000e+02 1.142663223615613566e+00
6.567500000000000000e+02 1.313474594439117960e+00
6.572500000000000000e+02 1.485164841097007304e+00
6.577500000000000000e+02 1.526045556410577486e+00
6.582500000000000000e+02 1.578966449567430708e+00
6.587500000000000000e+02 1.570978778797873510e+00
6.592500000000000000e+02 1.534044099019046481e+00
6.597500000000000000e+02 1.538325242114523483e+00
6.602500000000000000e+02 1.587356029461738594e+00
6.607500000000000000e+02 1.575379567737924091e+00
6.612500000000000000e+02 1.554858872893597477e+00
6.617500000000000000e+02 1.585960215823264408e+00
6.622500000000000000e+02 1.584493371470335532e+00
6.627500000000000000e+02 1.574020490285719998e+00
6.632500000000000000e+02 1.560998543565081498e+00
6.637500000000000000e+02 1.524235188974725874e+00
6.642500000000000000e+02 1.558568543527985462e+00
6.647500000000000000e+02 1.522803549090040676e+00
6.652500000000000000e+02 1.571308021715790648e+00
6.657500000000000000e+02 1.571018522684569652e+00
6.662500000000000000e+02 1.557841018773780783e+00
6.667500000000000000e+02 1.489158444637156631e+00
6.672500000000000000e+02 1.575360627279544179e+00
6.677500000000000000e+02 1.516487464217442849e+00
6.682500000000000000e+02 1.562787219040176590e+00
6.687500000000000000e+02 1.560463221319431160e+00
6.692500000000000000e+02 1.561325983885075486e+00
6.697500000000000000e+02 1.536715591131751157e+00
6.702500000000000000e+02 1.546119111121968093e+00
6.707500000000000000e+02 1.534186985419718319e+00
6.712500000000000000e+02 1.514569005868249718e+00
6.717500000000000000e+02 1.489118376371528774e+00
6.722500000000000000e+02 1.548140082363445913e+00
6.727500000000000000e+02 1.513797179544070337e+00
6.732500000000000000e+02 1.544205050117622324e+00
6.737500000000000000e+02 1.536517921704953382e+00
6.742500000000000000e+02 1.525898161075500470e+00
6.747500000000000000e+02 1.524899828991119088e+00
6.752500000000000000e+02 1.488963965821243018e+00
6.757500000000000000e+02 1.536603696508555217e+00
6.762500000000000000e+02 1.533185206748487461e+00
6.767500000000000000e+02 1.497593075706932231e+00
6.772500000000000000e+02 1.510107906916522857e+00
6.777500000000000000e+02 1.528904266159925696e+00
6.782500000000000000e+02 1.527324980168728308e+00
6.787500000000000000e+02 1.490374301462367601e+00
6.792500000000000000e+02 1.521823418842291442e+00
6.797500000000000000e+02 1.487018299922303832e+00
6.802500000000000000e+02 1.502133150992991606e+00
6.807500000000000000e+02 1.483857936409034739e+00
6.812500000000000000e+02 1.509129128029222944e+00
6.817500000000000000e+02 1.493014575809955335e+00
6.822500000000000000e+02 1.492934880537064801e+00
6.827500000000000000e+02 1.510162338020760053e+00
6.832500000000000000e+02 1.495635246217611236e+00
6.837500000000000000e+02 1.506528771913129505e+00
6.842500000000000000e+02 1.446511315257462016e+00
6.847500000000000000e+02 1.489293910925978404e+00
6.852500000000000000e+02 1.494545970596071527e+00
6.857500000000000000e+02 1.437331698348941256e+00
6.862500000000000000e+02 1.425487392545532472e+00
6.867500000000000000e+02 1.502422863143914933e+00
6.872500000000000000e+02 1.495553476947829141e+00
6.877500000000000000e+02 1.495813585317435024e+00
6.882500000000000000e+02 1.460744950266256836e+00
6.887500000000000000e+02 1.473919878753824575e+00
6.892500000000000000e+02 1.502069192142994059e+00
6.897500000000000000e+02 1.486359625915224081e+00
6.902500000000000000e+02 1.481749274297842422e+00
6.907500000000000000e+02 1.469582327725712512e+00
6.912500000000000000e+02 1.479183558489511219e+00
6.917500000000000000e+02 1.437301176997004770e+00
6.922500000000000000e+02 1.469766131139160992e+00
6.927500000000000000e+02 1.448803813918470684e+00
6.932500000000000000e+02 1.463725067621836295e+00
6.937500000000000000e+02 1.461076286024721504e+00
6.942500000000000000e+02 1.475385154576267510e+00
6.947500000000000000e+02 1.426607040837372997e+00
6.952500000000000000e+02 1.450950246106903485e+00
6.957500000000000000e+02 1.457814862430938607e+00
6.962500000000000000e+02 1.449468409227586241e+00
6.967500000000000000e+02 1.453851078391161789e+00
6.972500000000000000e+02 1.447259710151075351e+00
6.977500000000000000e+02 1.443951158992805572e+00
6.982500000000000000e+02 1.404842867501369996e+00
6.987500000000000000e+02 1.462790640506428153e+00
6.992500000000000000e+02 1.447933591613959958e+00
6.997500000000000000e+02 1.458167164697140361e+00
7.002500000000000000e+02 1.416793642203545200e+00
7.007500000000000000e+02 1.399401724330721297e+00
7.012500000000000000e+02 1.412914604917883121e+00
7.017500000000000000e+02 1.371159054342521610e+00
7.022500000000000000e+02 1.425669349851415246e+00
7.027500000000000000e+02 1.410271735654490932e+00
7.032500000000000000e+02 1.418378896159836478e+00
7.037500000000000000e+02 1.425316602613338146e+00
7.042500000000000000e+02 1.410915792742519770e+00
7.047500000000000000e+02 1.433002701630828213e+00
7.052500000000000000e+02 1.427973553344027202e+00
7.057500000000000000e+02 1.419595426835068563e+00
7.062500000000000000e+02 1.410313646417580058e+00
7.067500000000000000e+02 1.420702447621414066e+00
7.072500000000000000e+02 1.365263287403050141e+00
7.077500000000000000e+02 1.433420136617787888e+00
7.082500000000000000e+02 1.432158800496303286e+00
7.087500000000000000e+02 1.375097306472706560e+00
7.092500000000000000e+02 1.386005471665306743e+00
7.097500000000000000e+02 1.406297622991933505e+00
7.102500000000000000e+02 1.421205168973038058e+00
7.107500000000000000e+02 1.406743825029734607e+00
7.112500000000000000e+02 1.389153884558401941e+00
7.117500000000000000e+02 1.384972006810570644e+00
7.122500000000000000e+02 1.369661398569343325e+00
7.127500000000000000e+02 1.393854796870151125e+00
7.132500000000000000e+02 1.350754934442794264e+00
7.137500000000000000e+02 1.401388645843768099e+00
7.142500000000000000e+02 1.390119638353793041e+00
7.147500000000000000e+02 1.376106477534276618e+00
7.152500000000000000e+02 1.320017290931429166e+00
7.157500000000000000e+02 1.382268722448196208e+00
7.162500000000000000e+02 1.386720422553086252e+00
7.167500000000000000e+02 1.314158743669262552e+00
7.172500000000000000e+02 1.390027925311708268e+00
7.177500000000000000e+02 1.364650783186982963e+00
7.182500000000000000e+02 1.327670645941920746e+00
7.187500000000000000e+02 1.322781968597579016e+00
7.192500000000000000e+02 1.339383321606196553e+00
7.197500000000000000e+02 1.320206986462789445e+00
7.202500000000000000e+02 1.362586229027488161e+00
7.207500000000000000e+02 1.315693102573345596e+00
7.212500000000000000e+02 1.355351024575357277e+00
7.217500000000000000e+02 1.371885778547592638e+00
7.222500000000000000e+02 1.333971390933999857e+00
7.227500000000000000e+02 1.325017539256475141e+00
7.232500000000000000e+02 1.376080394290348341e+00
7.237500000000000000e+02 1.361547983007976415e+00
7.242500000000000000e+02 1.359634929416214888e+00
7.247500000000000000e+02 1.349516325304441988e+00
7.252500000000000000e+02 1.341047506743147988e+00
7.257500000000000000e+02 1.368166727933797677e+00
7.262500000000000000e+02 1.317391848581048741e+00
7.267500000000000000e+02 1.365280967995518902e+00
7.272500000000000000e+02 1.359242877922907544e+00
7.277500000000000000e+02 1.346169493625687608e+00
7.282500000000000000e+02 1.332059920249506924e+00
7.287500000000000000e+02 1.318390860527886899e+00
7.292500000000000000e+02 1.251175463089281070e+00
7.297500000000000000e+02 1.332926669836236755e+00
7.302500000000000000e+02 1.332958606299682103e+00
7.307500000000000000e+02 1.321094801342775460e+00
7.312500000000000000e+02 1.300188636152068034e+00
7.317500000000000000e+02 1.347315104371222816e+00
7.322500000000000000e+02 1.320362458333084188e+00
7.327500000000000000e+02 1.296283501750734368e+00
7.332500000000000000e+02 1.327468287568245531e+00
7.337500000000000000e+02 1.334392814418043027e+00
7.342500000000000000e+02 1.341673471600155709e+00
7.347500000000000000e+02 1.333483836592528560e+00
7.352500000000000000e+02 1.321745681970589725e+00
7.357500000000000000e+02 1.292315513624574974e+00
7.362500000000000000e+02 1.314809276125554982e+00
7.367500000000000000e+02 1.314404668316603075e+00
7.372500000000000000e+02 1.326029796459865739e+00
7.377500000000000000e+02 1.323721535465228749e+00
7.382500000000000000e+02 1.307510882331419655e+00
7.387500000000000000e+02 1.256385978876959797e+00
7.392500000000000000e+02 1.289406128381637595e+00
7.397500000000000000e+02 1.291761685097244872e+00
7.402500000000000000e+02 1.276186752302319372e+00
7.407500000000000000e+02 1.305543851073504680e+00
7.412500000000000000e+02 1.241092998047160778e+00
7.417500000000000000e+02 1.256467955626018318e+00
7.422500000000000000e+02 1.247608830537673352e+00
7.427500000000000000e+02 1.276497176262925359e+00
7.432500000000000000e+02 1.300236973876548907e+00
7.437500000000000000e+02 1.309497803627099000e+00
7.442500000000000000e+02 1.290632876183178013e+00
7.447500000000000000e+02 1.242143652852702340e+00
7.452500000000000000e+02 1.290507645424841421e+00
7.457500000000000000e+02 1.299279302646313194e+00
7.462500000000000000e+02 1.267812824123959903e+00
7.467500000000000000e+02 1.307773627976508202e+00
7.472500000000000000e+02 1.299197338416004044e+00
7.477500000000000000e+02 1.272243675128797769e+00
7.482500000000000000e+02 1.286064389504713246e+00
7.487500000000000000e+02 1.285135929930496079e+00
7.492500000000000000e+02 1.273252808936993663e+00
7.497500000000000000e+02 1.240595683280103279e+00
7.502500000000000000e+02 1.280386590179621642e+00
7.507500000000000000e+02 1.283639792870025387e+00
7.512500000000000000e+02 1.230707885370491361e+00
7.517500000000000000e+02 1.285006443521448549e+00
7.522500000000000000e+02 1.266853617550992794e+00
7.527500000000000000e+02 1.261638933428337772e+00
7.532500000000000000e+02 1.266183302944284828e+00
7.537500000000000000e+02 1.283686264419565681e+00
7.542500000000000000e+02 1.283166184270199572e+00
7.547500000000000000e+02 1.275587075962913985e+00
7.552500000000000000e+02 1.276332782985046599e+00
7.557500000000000000e+02 1.248772042369987290e+00
7.562500000000000000e+02 1.252933723760532914e+00
7.567500000000000000e+02 1.269219056780237498e+00
7.572500000000000000e+02 1.250599889387616681e+00
7.577500000000000000e+02 1.252117610924646129e+00
7.582500000000000000e+02 1.266523899966905953e+00
7.587500000000000000e+02 1.216305140106454630e+00
7.592500000000000000e+02 1.262530511359650776e+00
7.597500000000000000e+02 1.255787048118617300e+00
7.602500000000000000e+02 1.245294357542763963e+00
7.607500000000000000e+02 1.250644757893700110e+00
7.612500000000000000e+02 1.251710667098155927e+00
7.617500000000000000e+02 1.222445781691338329e+00
7.622500000000000000e+02 1.211740624009038481e+00
7.627500000000000000e+02 1.248256398470226847e+00
7.632500000000000000e+02 1.260479598999998174e+00
7.637500000000000000e+02 1.258023766400007126e+00
7.642500000000000000e+02 1.254421797199999355e+00
7.647500000000000000e+02 1.257430411400001002e+00
7.652500000000000000e+02 1.255028746642849136e+00
7.657500000000000000e+02 1.188273648074709588e+00
7.662500000000000000e+02 1.180912564375201868e+00
7.667500000000000000e+02 1.152695505567330247e+00
7.672500000000000000e+02 1.234550401545519760e+00
7.677500000000000000e+02 1.246447444658074222e+00
7.682500000000000000e+02 1.222071786560405826e+00
7.687500000000000000e+02 1.243398866276254733e+00
7.692500000000000000e+02 1.206640854372253990e+00
7.697500000000000000e+02 1.233693734207427450e+00
7.702500000000000000e+02 1.196226975846106821e+00
7.707500000000000000e+02 1.239599156133120772e+00
7.712500000000000000e+02 1.188506185684920169e+00
7.717500000000000000e+02 1.210144531556137881e+00
7.722500000000000000e+02 1.207397971747182552e+00
7.727500000000000000e+02 1.175937123738853396e+00
7.732500000000000000e+02 1.231208669047940241e+00
7.737500000000000000e+02 1.222957635414843702e+00
7.742500000000000000e+02 1.208904219927753321e+00
7.747500000000000000e+02 1.188718426659987060e+00
7.752500000000000000e+02 1.151130122465811034e+00
7.757500000000000000e+02 1.223015837057418453e+00
7.762500000000000000e+02 1.212842437359226144e+00
7.767500000000000000e+02 1.220800469380768583e+00
7.772500000000000000e+02 1.198070156326089819e+00
7.777500000000000000e+02 1.190601983205696879e+00
7.782500000000000000e+02 1.215470034546609401e+00
7.787500000000000000e+02 1.217067196006869745e+00
7.792500000000000000e+02 1.196961052332091935e+00
7.797500000000000000e+02 1.189947522437683425e+00
7.802500000000000000e+02 1.194388934380128164e+00
7.807500000000000000e+02 1.210436972883571549e+00
7.812500000000000000e+02 1.169546338344294334e+00
7.817500000000000000e+02 1.206910553177068302e+00
7.822500000000000000e+02 1.201929320253505074e+00
7.827500000000000000e+02 1.190014083724436178e+00
7.832500000000000000e+02 1.162741037509802844e+00
7.837500000000000000e+02 1.171880397714502919e+00
7.842500000000000000e+02 1.194466092916915523e+00
7.847500000000000000e+02 1.196346438724826600e+00
7.852500000000000000e+02 1.177919987044079964e+00
7.857500000000000000e+02 1.144414586480093643e+00
7.862500000000000000e+02 1.191283185912404008e+00
7.867500000000000000e+02 1.193909533361782627e+00
7.872500000000000000e+02 1.181144933995216917e+00
7.877500000000000000e+02 1.172104606965390428e+00
7.882500000000000000e+02 1.169848244855345776e+00
7.887500000000000000e+02 1.183468184315821681e+00
7.892500000000000000e+02 1.180676313098467212e+00
7.897500000000000000e+02 1.171363789339519235e+00
7.902500000000000000e+02 1.169558531047828698e+00
7.907500000000000000e+02 1.178783376710395903e+00
7.912500000000000000e+02 1.148940698501956792e+00
7.917500000000000000e+02 1.138895572756379870e+00
7.922500000000000000e+02 1.150204148397005577e+00
7.927500000000000000e+02 1.161998696265145625e+00
7.932500000000000000e+02 1.121995895672880161e+00
7.937500000000000000e+02 1.108778689353510538e+00
7.942500000000000000e+02 1.145146211865595287e+00
7.947500000000000000e+02 1.087340073371287685e+00
7.952500000000000000e+02 1.158463541887788439e+00
7.957500000000000000e+02 1.145373260759682488e+00
7.962500000000000000e+02 1.149559988540196143e+00
7.967500000000000000e+02 1.154663169433964631e+00
7.972500000000000000e+02 1.151646140626791937e+00
7.977500000000000000e+02 1.149829617470054854e+00
7.982500000000000000e+02 1.150896812767250754e+00
7.987500000000000000e+02 1.147427630260248188e+00
7.992500000000000000e+02 1.153236492368482358e+00
7.997500000000000000e+02 1.147135325544902607e+00
8.002500000000000000e+02 1.098551522046190776e+00
8.007500000000000000e+02 1.146267013359372200e+00
8.012500000000000000e+02 1.140626169025358294e+00
8.017500000000000000e+02 1.142776158154204635e+00
8.022500000000000000e+02 1.140258584962479338e+00
8.027500000000000000e+02 1.134771387176605639e+00
8.032500000000000000e+02 1.114975323400074769e+00
8.037500000000000000e+02 1.125754338632243723e+00
8.042500000000000000e+02 1.142193141100003917e+00
8.047500000000000000e+02 1.078287376594916136e+00
8.052500000000000000e+02 1.123493998884833367e+00
8.057500000000000000e+02 1.125425402838774902e+00
8.062500000000000000e+02 1.133480322832592924e+00
8.067500000000000000e+02 1.134784551374595107e+00
8.072500000000000000e+02 1.110637500080565276e+00
8.077500000000000000e+02 1.116298402199515039e+00
8.082500000000000000e+02 1.116777286278655579e+00
8.087500000000000000e+02 1.095888680075533195e+00
8.092500000000000000e+02 1.101020311562585396e+00
8.097500000000000000e+02 1.088429216841441116e+00
8.102500000000000000e+02 1.100379367280155618e+00
8.107500000000000000e+02 1.116001450413480534e+00
8.112500000000000000e+02 1.111009560821832443e+00
8.117500000000000000e+02 1.110255924014099227e+00
8.122500000000000000e+02 1.113229111196420540e+00
8.127500000000000000e+02 1.106334567050241802e+00
8.132500000000000000e+02 1.112340928904039572e+00
8.137500000000000000e+02 1.113661854238660709e+00
8.142500000000000000e+02 1.107530293833730806e+00
8.147500000000000000e+02 1.108202908129441555e+00
8.152500000000000000e+02 1.095457966354724588e+00
8.157500000000000000e+02 1.101329953657249172e+00
8.162500000000000000e+02 1.089980848215224896e+00
8.167500000000000000e+02 1.109302044407253884e+00
8.172500000000000000e+02 1.094860875949462020e+00
8.177500000000000000e+02 1.100941426555277047e+00
8.182500000000000000e+02 1.089240379414725846e+00
8.187500000000000000e+02 1.032363992750156223e+00
8.192500000000000000e+02 1.096725872389023415e+00
8.197500000000000000e+02 1.024249619238402964e+00
8.202500000000000000e+02 1.057417913812068733e+00
8.207500000000000000e+02 1.071640290326264289e+00
8.212500000000000000e+02 1.072099800373465861e+00
8.217500000000000000e+02 1.055962222791448246e+00
8.222500000000000000e+02 1.032633510726489456e+00
8.227500000000000000e+02 1.095583481127315295e+00
8.232500000000000000e+02 1.035158475552027113e+00
8.237500000000000000e+02 1.083905314334061121e+00
8.242500000000000000e+02 1.067399977261093813e+00
8.247500000000000000e+02 1.085431331921460574e+00
8.252500000000000000e+02 1.054048684570036531e+00
8.257500000000000000e+02 1.068183874253026966e+00
8.262500000000000000e+02 1.086359934148488637e+00
8.267500000000000000e+02 1.072209357058509394e+00
8.272500000000000000e+02 1.076433512110584134e+00
8.277500000000000000e+02 1.070590381573052197e+00
8.282500000000000000e+02 1.079520256108682075e+00
8.287500000000000000e+02 1.073658449967237027e+00
8.292500000000000000e+02 1.073297897780109311e+00
8.297500000000000000e+02 1.048370004897146046e+00
8.302500000000000000e+02 1.062162601727461464e+00
8.307500000000000000e+02 1.027510440389698410e+00
8.312500000000000000e+02 1.045492181112634977e+00
8.317500000000000000e+02 1.051874109873848884e+00
8.322500000000000000e+02 1.063328960621084507e+00
8.327500000000000000e+02 1.003816345679874100e+00
8.332500000000000000e+02 1.043978191444055126e+00
8.337500000000000000e+02 1.038985191497971527e+00
8.342500000000000000e+02 1.037398054273048320e+00
8.347500000000000000e+02 1.022893348125637036e+00
8.352500000000000000e+02 1.052371341528737680e+00
8.357500000000000000e+02 1.057316437119760533e+00
8.362500000000000000e+02 1.043943359271113369e+00
8.367500000000000000e+02 1.030506392579332964e+00
8.372500000000000000e+02 1.053579962367003464e+00
8.377500000000000000e+02 1.055589831521791755e+00
8.382500000000000000e+02 1.033099246303820662e+00
8.387500000000000000e+02 1.023025612425295439e+00
8.392500000000000000e+02 9.988871543275407161e-01
8.397500000000000000e+02 1.043657470536559551e+00
8.402500000000000000e+02 1.031580826826056230e+00
8.407500000000000000e+02 1.046378193639407872e+00
8.412500000000000000e+02 1.036793871950711932e+00
8.417500000000000000e+02 1.041984384850001222e+00
8.422500000000000000e+02 1.025993880225740895e+00
8.427500000000000000e+02 1.002176974401557619e+00
8.432500000000000000e+02 1.046237546125090789e+00
8.437500000000000000e+02 9.976678356649465451e-01
8.442500000000000000e+02 1.014340539484880788e+00
8.447500000000000000e+02 1.005881986075347401e+00
8.452500000000000000e+02 1.035389835927872371e+00
8.457500000000000000e+02 1.028651538108652730e+00
8.462500000000000000e+02 1.029433234809338904e+00
8.467500000000000000e+02 1.014081387095282061e+00
8.472500000000000000e+02 9.715990845315659596e-01
8.477500000000000000e+02 1.031734841009988024e+00
8.482500000000000000e+02 1.015130502407863400e+00
8.487500000000000000e+02 1.030749776815651497e+00
8.492500000000000000e+02 1.019550455254703891e+00
8.497500000000000000e+02 9.433082099976307644e-01
8.502500000000000000e+02 8.307394554901433859e-01
8.507500000000000000e+02 1.012541801114817508e+00
8.512500000000000000e+02 1.021501449452944410e+00
8.517500000000000000e+02 9.449504411282765304e-01
8.522500000000000000e+02 1.011974738695907927e+00
8.527500000000000000e+02 9.758145381681567754e-01
8.532500000000000000e+02 1.000709701780769789e+00
8.537500000000000000e+02 9.562505165934491735e-01
8.542500000000000000e+02 6.329474252304315707e-01
8.547500000000000000e+02 7.829274962438597107e-01
8.552500000000000000e+02 9.654890453242630510e-01
8.557500000000000000e+02 9.780437839421771695e-01
8.562500000000000000e+02 1.002348000282777374e+00
8.567500000000000000e+02 1.008257427079305879e+00
8.572500000000000000e+02 1.002208778250465171e+00
8.577500000000000000e+02 1.001396869080547258e+00
8.582500000000000000e+02 9.760490295229722335e-01
8.587500000000000000e+02 9.790222054260828699e-01
8.592500000000000000e+02 9.963323961695472741e-01
8.597500000000000000e+02 9.758193118182934001e-01
8.602500000000000000e+02 9.808851772510513989e-01
8.607500000000000000e+02 9.865903438417245042e-01
8.612500000000000000e+02 9.698374858729386094e-01
8.617500000000000000e+02 9.758928854246137208e-01
8.622500000000000000e+02 9.735204718385298550e-01
8.627500000000000000e+02 9.984994924052863485e-01
8.632500000000000000e+02 9.881360641715370985e-01
8.637500000000000000e+02 9.889255715580398398e-01
8.642500000000000000e+02 9.933675228704037519e-01
8.647500000000000000e+02 9.909037102449785861e-01
8.652500000000000000e+02 9.542042438313286246e-01
8.657500000000000000e+02 9.566975303897704563e-01
8.662500000000000000e+02 6.749936528779967304e-01
8.667500000000000000e+02 7.962738675911985586e-01
8.672500000000000000e+02 9.410353457415346901e-01
8.677500000000000000e+02 9.320919857818897869e-01
8.682500000000000000e+02 9.522125790420169489e-01
8.687500000000000000e+02 9.704756019026354874e-01
8.692500000000000000e+02 8.874145638122573621e-01
8.697500000000000000e+02 9.775450215087317929e-01
8.702500000000000000e+02 9.570339251579264017e-01
8.707500000000000000e+02 9.758143849413176696e-01
8.712500000000000000e+02 9.560534814123563541e-01
8.717500000000000000e+02 9.588607993517646033e-01
8.722500000000000000e+02 9.649070932480909857e-01
8.727500000000000000e+02 9.764504565599401165e-01
8.732500000000000000e+02 9.553681911519831260e-01
8.737500000000000000e+02 9.386134472376863602e-01
8.742500000000000000e+02 9.510637408389165381e-01
8.747500000000000000e+02 9.546875412037871822e-01
8.752500000000000000e+02 9.176514622494382767e-01
8.757500000000000000e+02 9.203590546785962445e-01
8.762500000000000000e+02 9.680907077290151763e-01
8.767500000000000000e+02 9.597081634619432089e-01
8.772500000000000000e+02 9.666202550201126176e-01
8.777500000000000000e+02 9.334132342572452057e-01
8.782500000000000000e+02 9.612645322871447018e-01
8.787500000000000000e+02 9.586831101236555908e-01
8.792500000000000000e+02 9.405034146305745191e-01
8.797500000000000000e+02 9.260533140202168445e-01
8.802500000000000000e+02 9.634341637795358348e-01
8.807500000000000000e+02 8.510958266077429668e-01
8.812500000000000000e+02 9.409560011448385719e-01
8.817500000000000000e+02 9.356657358649408396e-01
8.822500000000000000e+02 9.558918542027601273e-01
8.827500000000000000e+02 8.975820589927825388e-01
8.832500000000000000e+02 9.501486235917050438e-01
8.837500000000000000e+02 9.483881592872013266e-01
8.842500000000000000e+02 9.148945042625858948e-01
8.847500000000000000e+02 9.357793745322705581e-01
8.852500000000000000e+02 9.491918110576290646e-01
8.857500000000000000e+02 9.441008604993766928e-01
8.862500000000000000e+02 8.816266262528474895e-01
8.867500000000000000e+02 8.751780159474241705e-01
8.872500000000000000e+02 9.307351947481854459e-01
8.877500000000000000e+02 9.264113979972024016e-01
8.882500000000000000e+02 9.331648239610048634e-01
8.887500000000000000e+02 9.352586209691994279e-01
8.892500000000000000e+02 9.360914824703944204e-01
8.897500000000000000e+02 9.289536637183156698e-01
8.902500000000000000e+02 9.381615155987190757e-01
8.907500000000000000e+02 9.411110234601224311e-01
8.912500000000000000e+02 9.191969713139265252e-01
8.917500000000000000e+02 9.389256853380747447e-01
8.922500000000000000e+02 9.203708311251695973e-01
8.927500000000000000e+02 8.903580971056761495e-01
8.932500000000000000e+02 9.112040463047830219e-01
8.937500000000000000e+02 9.346174406165844717e-01
8.942500000000000000e+02 9.330709943425256059e-01
8.947500000000000000e+02 8.707992956851484667e-01
8.952500000000000000e+02 9.181111156648528171e-01
8.957500000000000000e+02 9.316167683488831841e-01
8.962500000000000000e+02 9.300511755142439885e-01
8.967500000000000000e+02 9.049988029588361682e-01
8.972500000000000000e+02 9.158530208405482043e-01
8.977500000000000000e+02 9.049940552143629358e-01
8.982500000000000000e+02 9.198519138751586333e-01
8.987500000000000000e+02 9.129594849926292444e-01
8.992500000000000000e+02 9.129856742757188615e-01
8.997500000000000000e+02 9.110072272885667566e-01
